18 0 6 0 25 1 7 15 17 24 2 13 14 11 0 5 21 22 9 0 0 0 4 19 0
20 3 4 0 23 0 2 13 0 11 0 10 6 8 0 0 7 15 0 24 5 21 22 9 0
0 21 22 9 12 25 0 0 0 0 20 3 4 0 23 0 0 13 14 0 1 7 0 0 24
0 7 0 17 0 23 20 0 0 19 0 21 22 9 12 0 18 10 6 8 16 2 0 14 11
16 2 13 0 0 12 5 21 22 0 0 0 15 0 24 0 0 0 4 0 25 18 10 6 0
6 8 25 18 10 15 17 0 1 0 14 0 16 2 13 22 9 12 5 21 0 19 0 20 3
0 19 23 20 0 13 14 0 16 2 0 0 25 18 0 0 17 0 0 7 0 9 0 0 0
22 0 12 0 21 0 6 8 0 18 0 0 23 0 3 13 14 0 0 0 0 17 24 1 0
0 17 24 1 0 3 0 0 23 20 22 9 0 0 0 10 0 8 25 18 13 0 11 16 0
13 0 0 0 2 21 22 0 0 5 15 17 0 1 7 3 4 0 23 0 0 6 8 25 0
8 0 0 10 6 17 0 1 7 15 11 16 0 13 14 9 12 5 21 0 19 0 0 3 0
0 0 20 3 4 14 11 16 2 13 8 25 0 10 0 17 24 1 0 0 0 12 0 21 0
9 12 5 21 22 0 8 0 18 10 19 0 20 3 0 14 11 0 2 13 0 24 1 7 0
0 24 0 7 0 0 19 23 0 3 0 12 5 21 22 6 8 0 0 10 14 11 16 0 0
14 11 16 0 0 22 9 12 0 21 17 0 1 0 15 0 0 0 20 3 6 0 0 18 0
10 6 8 25 18 0 15 17 0 0 13 0 11 16 0 21 0 9 0 0 0 4 0 0 0
3 4 19 23 20 2 13 14 11 16 0 0 0 25 18 0 15 17 24 1 21 0 9 12 0
21 22 9 12 0 18 10 0 8 25 0 0 0 23 20 0 13 0 11 0 0 0 17 24 0
0 15 0 24 0 20 3 4 19 0 21 22 0 12 0 0 0 6 0 25 2 13 0 11 0
0 13 14 0 16 0 21 22 9 0 7 15 0 0 1 20 0 4 0 23 18 10 6 0 0
0 0 0 6 8 0 1 7 0 0 16 2 13 0 11 0 5 21 22 0 23 0 3 0 19
23 0 0 4 19 11 0 0 13 14 25 0 0 0 0 24 0 0 0 0 0 0 0 22 0
12 5 0 0 0 8 0 0 0 0 23 20 3 4 0 0 0 0 13 14 24 1 7 15 0
24 1 7 0 0 0 23 20 0 4 12 5 0 0 9 0 25 18 10 6 0 0 2 13 14
11 16 0 0 14 9 12 0 0 0 0 1 7 15 0 0 23 20 0 0 8 0 0 10 6
