2 0 10 7 0 0 11 1 0 9 12 15 0 5 4 0
9 0 15 0 0 0 8 6 0 14 0 0 0 11 0 7
12 0 0 6 4 10 16 0 0 0 13 2 0 0 0 0
14 1 0 11 0 12 0 0 0 6 0 5 0 16 0 2
0 13 5 0 0 0 0 0 6 0 2 0 4 12 15 0
11 0 0 0 0 5 0 0 0 0 0 7 8 13 0 0
0 2 0 0 0 0 13 12 0 11 0 0 1 10 16 5
8 0 0 3 0 9 15 4 0 12 0 13 7 6 0 11
15 0 0 0 0 1 5 3 12 0 0 0 2 0 10 16
5 11 7 4 0 0 0 0 0 2 1 6 15 3 12 13
3 0 0 0 12 0 0 14 15 0 0 10 0 0 7 8
0 0 0 10 0 0 0 13 7 4 16 3 5 0 0 9
6 14 3 0 15 2 10 11 0 1 0 0 0 7 5 4
0 7 0 0 5 13 0 8 0 15 6 0 14 9 3 0
0 5 9 12 0 16 4 0 0 3 8 14 0 0 11 15
0 0 0 0 0 6 0 9 16 5 0 0 13 8 1 0
