0 0 0 0 0 20 6 11 8 12 4 0 5 16 22 24 15 17 13 10 0 0 0 0 0
0 0 0 0 0 24 15 17 13 10 2 21 9 14 25 3 18 1 23 7 0 0 0 0 0
0 0 0 0 0 3 18 1 23 7 20 6 11 8 12 22 4 19 5 16 0 0 0 0 0
0 0 0 0 0 22 0 19 0 16 24 0 17 13 10 0 2 21 9 14 0 0 0 0 0
0 0 0 0 0 25 2 21 9 14 3 18 1 23 7 12 20 0 11 0 0 0 0 0 0
7 3 0 1 23 12 20 6 11 8 22 4 19 5 16 10 24 15 17 13 25 2 21 9 14
16 22 4 19 5 10 24 15 17 13 25 2 21 9 14 7 3 18 0 23 12 20 6 11 8
14 25 2 21 9 7 3 18 1 23 12 20 6 11 8 16 22 4 19 5 10 24 15 17 13
8 12 20 6 11 16 22 4 19 5 10 24 15 17 13 14 25 2 21 9 7 3 18 1 23
13 10 24 15 17 14 25 2 21 9 7 3 18 1 23 8 12 20 6 11 16 22 4 19 5
18 1 23 7 3 6 11 8 12 20 19 5 16 22 4 15 17 13 10 24 21 9 14 25 2
4 19 5 16 22 15 17 13 10 0 21 9 14 25 2 18 1 23 0 0 6 11 8 12 20
2 0 9 14 25 18 1 0 7 0 6 11 8 12 20 4 19 5 16 22 15 17 13 10 24
0 6 11 8 12 4 19 5 16 22 15 17 0 0 24 2 21 9 14 25 18 1 23 7 3
24 15 17 13 10 2 21 9 14 25 18 1 23 7 3 20 6 11 8 12 4 19 5 16 22
23 7 3 18 1 8 12 20 6 11 16 22 4 19 5 13 10 24 15 17 14 25 2 21 0
5 16 22 4 19 13 10 24 15 17 14 0 2 21 0 23 7 3 18 1 8 12 20 6 11
9 14 25 2 0 0 7 3 18 1 8 12 20 6 11 5 16 22 4 19 13 10 24 15 17
11 8 12 20 0 5 16 22 4 19 13 10 24 15 17 9 14 25 2 21 23 7 3 18 0
0 13 10 24 15 9 14 25 2 21 23 7 3 18 1 11 8 12 20 6 5 16 22 4 19
0 0 0 0 0 11 8 12 20 6 5 16 22 4 19 17 13 0 24 15 0 0 0 0 0
0 0 0 0 0 17 13 10 24 15 9 14 25 2 21 1 23 7 3 18 0 0 0 0 0
0 0 0 0 0 1 23 7 3 18 11 8 12 20 6 19 5 16 22 4 0 0 0 0 0
0 0 0 0 0 19 5 16 22 4 17 13 10 24 15 21 9 14 25 2 0 0 0 0 0
0 0 0 0 0 21 9 14 25 2 1 23 7 3 18 6 11 8 12 20 0 0 0 0 0
