0 0 0 0 0 4 16 1 0 12 2 0 0 0 0 0
0 0 0 0 10 3 12 7 15 13 0 8 0 0 0 0
0 0 0 0 15 2 14 9 1 0 11 6 0 0 0 0
0 0 0 0 6 13 0 11 16 0 0 4 0 0 0 0
8 5 16 11 9 14 7 4 3 6 10 0 2 0 13 12
13 0 0 12 16 10 8 15 0 2 5 14 9 11 0 4
3 0 0 7 11 1 0 12 9 0 16 13 10 0 8 6
10 9 0 4 0 6 0 13 8 15 12 11 16 0 14 1
9 2 13 10 14 7 11 6 0 0 0 3 12 8 0 15
16 4 0 6 12 8 10 5 2 0 14 15 7 1 11 13
5 0 0 8 4 16 0 3 13 11 6 7 14 2 0 9
11 14 0 1 13 9 15 2 12 0 8 10 4 6 5 3
0 0 0 0 2 0 0 8 0 1 3 9 0 0 0 0
0 0 0 0 1 15 9 16 0 7 13 0 0 0 0 0
0 0 0 0 3 11 0 14 10 8 4 2 0 0 0 0
0 0 0 0 0 5 0 10 11 14 0 0 0 0 0 0
