0 7 9 4 0 2 0 5 0 8 0 3 16 0 0 6
0 12 0 1 15 0 0 6 9 0 2 7 14 0 11 4
5 3 0 6 0 1 7 0 14 0 13 15 0 0 0 8
0 8 11 0 12 0 0 0 0 1 6 0 13 0 7 0
0 0 0 0 0 0 15 0 4 0 0 0 0 0 0 1
6 0 0 0 13 0 11 0 16 14 0 0 0 3 5 0
4 13 3 0 0 0 0 10 0 5 0 9 7 0 0 14
15 0 0 16 5 0 0 3 6 0 0 0 0 0 2 0
0 6 15 10 0 9 12 2 8 0 0 14 0 0 1 7
3 0 14 0 0 5 8 7 2 0 15 0 11 0 4 10
0 0 8 7 1 0 6 0 12 10 0 0 3 0 0 0
9 0 4 0 0 11 0 0 0 7 1 13 15 6 8 0
0 4 13 0 8 12 0 15 7 0 0 0 0 11 0 0
12 0 0 9 0 0 0 0 0 15 14 10 8 4 3 0
0 0 0 14 0 10 0 11 3 0 5 0 0 0 6 13
0 0 0 5 0 3 0 1 13 11 0 0 0 0 0 0
