14 11 0 8 0 4 0 0 0 16 10 0 0 6 0 0
12 0 15 7 0 0 0 0 0 11 4 0 2 10 5 0
5 0 0 10 0 6 7 12 0 3 0 13 8 0 0 0
0 0 3 6 10 11 0 0 12 0 0 7 0 15 13 0
0 0 14 0 12 15 11 13 3 0 0 9 16 8 6 5
0 6 16 9 5 8 0 4 0 14 0 10 0 7 12 0
15 13 8 0 6 0 0 0 0 0 0 2 0 0 0 10
1 0 0 3 0 0 0 0 0 5 0 0 15 0 0 13
0 0 0 0 0 0 0 0 2 0 0 12 13 0 0 6
0 0 7 0 3 0 2 14 0 9 6 5 0 16 11 0
2 0 6 0 1 0 12 0 16 0 15 11 0 0 14 0
0 12 5 0 0 0 0 0 1 13 14 3 0 2 8 15
3 14 0 4 0 0 6 0 0 0 0 16 0 0 10 0
0 0 0 0 8 3 0 2 10 0 9 14 1 0 15 0
6 0 9 0 13 0 10 1 0 15 3 4 11 0 0 8
0 0 0 0 0 14 0 0 5 0 0 1 0 13 3 0
