0 4 0 0 23 0 24 2 0 0 12 0 6 0 0 20 21 0 1 0 13 0 8 0 5
3 24 2 11 9 0 0 8 17 0 0 21 0 1 0 23 7 4 25 22 0 16 6 18 0
13 14 0 0 0 0 0 0 18 0 23 0 4 0 22 0 0 24 2 0 20 21 15 1 19
0 16 0 18 10 20 21 0 1 19 0 3 24 2 11 5 0 14 0 17 23 0 0 0 0
0 21 0 1 0 23 7 0 0 0 5 0 0 8 17 0 0 0 6 18 9 3 24 2 0
0 7 0 25 22 9 0 24 2 11 10 12 0 6 0 0 20 0 0 1 5 0 0 0 0
0 3 24 0 11 5 13 0 0 0 0 0 21 15 1 22 23 0 4 0 0 0 0 6 18
0 13 0 8 17 10 0 16 6 0 0 0 7 0 0 0 9 3 0 0 19 20 0 15 0
10 0 16 0 0 19 0 0 15 0 11 9 0 24 2 17 5 13 14 8 0 0 7 0 25
19 20 21 15 0 22 0 7 4 0 17 5 13 0 8 18 10 0 16 6 11 9 3 24 2
22 0 0 0 25 11 0 3 24 0 0 0 12 0 0 1 19 20 0 15 0 0 13 0 0
11 9 0 24 0 17 5 13 0 0 0 0 20 21 15 0 22 23 0 4 0 10 0 0 0
17 0 13 0 0 0 0 12 16 6 25 22 0 7 0 2 11 0 3 24 1 19 0 21 15
18 0 0 16 0 0 19 0 0 0 2 11 9 3 0 0 0 5 13 0 25 22 23 0 0
1 19 0 21 15 0 22 23 7 0 8 0 0 13 14 6 18 0 12 0 2 0 9 0 24
4 0 22 0 0 0 2 11 9 3 16 6 0 10 0 21 15 1 19 20 0 0 17 0 13
24 2 11 0 0 14 8 0 5 13 0 15 1 0 20 0 4 0 0 0 16 6 18 10 12
0 8 17 0 0 0 0 0 10 12 7 0 25 22 23 3 24 2 0 9 21 15 1 19 0
0 6 0 10 0 0 15 0 19 20 0 24 2 0 0 13 0 0 0 0 0 0 25 22 23
21 15 1 19 20 7 4 25 0 23 13 0 0 0 5 12 0 6 18 0 3 0 0 11 9
0 22 23 7 4 2 11 0 0 0 0 18 0 0 16 0 0 0 0 0 0 17 0 0 14
2 11 0 0 24 0 17 5 0 0 0 0 19 20 21 0 25 0 23 0 6 18 0 12 16
0 17 0 0 0 6 18 0 12 16 0 25 22 0 7 24 2 0 9 3 0 1 19 20 0
6 0 10 12 16 0 1 19 20 21 24 2 11 9 3 14 8 17 0 13 4 25 22 23 7
0 1 0 20 0 0 25 22 23 7 14 8 17 5 0 16 0 18 10 0 0 0 11 0 0
