11 20 0 0 0 2 15 1 0 5 9 6 25 18 17 0 24 16 0 0 21 0 0 0 0
0 0 0 23 5 21 0 8 7 4 10 0 20 0 0 9 6 0 18 17 12 0 0 19 13
0 0 8 0 0 12 0 16 0 13 5 2 15 1 23 10 11 20 0 0 9 6 0 18 17
12 24 16 0 13 9 6 0 18 0 0 0 14 8 7 5 2 15 0 23 10 0 20 3 0
9 6 25 18 17 10 0 0 0 22 13 12 0 0 0 0 21 14 0 7 5 2 15 0 0
3 0 10 0 20 0 23 5 2 15 25 0 0 9 0 16 0 0 12 24 0 0 4 0 14
0 23 5 2 15 8 7 0 0 14 0 3 22 0 11 25 0 17 9 6 16 19 0 12 24
8 7 0 21 0 0 0 0 12 0 0 1 23 0 2 20 3 22 10 11 0 0 17 9 6
16 19 13 12 24 25 0 17 9 6 0 0 7 4 0 0 1 0 0 2 0 0 22 0 0
0 0 17 9 0 20 0 0 10 0 24 0 0 13 0 14 0 0 0 21 15 0 23 0 2
0 0 22 10 0 15 1 0 5 2 6 25 18 0 9 24 16 19 0 0 0 8 0 4 0
0 1 23 5 0 14 0 7 0 21 11 0 3 22 0 6 25 18 0 0 0 16 19 13 0
14 0 7 0 21 24 16 19 13 12 2 15 0 0 5 0 20 0 0 0 0 0 18 17 9
24 16 0 0 12 0 0 0 0 9 0 14 8 0 0 0 15 1 23 0 0 20 3 22 0
0 25 0 0 9 11 0 0 0 0 12 0 16 19 0 0 14 0 7 4 0 15 1 0 0
0 0 20 0 22 0 0 0 1 0 17 9 6 0 18 0 0 0 0 19 0 0 14 8 0
5 2 15 0 23 4 0 14 8 0 22 10 11 20 3 0 9 0 0 18 13 0 24 16 0
0 21 0 8 0 0 0 0 0 19 23 0 0 15 1 0 0 11 20 0 17 9 6 25 0
13 0 0 16 19 17 0 6 25 0 0 4 21 14 0 23 0 2 0 1 0 10 11 20 0
0 9 0 0 18 0 10 11 20 3 0 0 0 24 16 7 4 0 0 8 23 5 2 15 1
0 10 11 20 3 23 0 2 15 1 18 17 9 0 25 0 13 12 0 16 7 4 21 0 0
0 5 0 15 1 7 4 0 0 8 3 22 0 0 20 0 0 9 0 25 0 13 0 24 16
7 0 21 0 0 19 13 12 24 0 1 23 0 2 15 0 22 0 11 20 18 0 0 6 25
0 13 12 0 0 0 0 9 6 0 8 7 0 21 14 1 23 0 0 15 3 22 0 11 0
18 17 0 6 0 0 22 10 0 0 0 0 13 0 0 8 7 0 21 0 1 0 5 2 15
