1 2 7 3 14 20 6 11 8 12 4 19 5 16 22 24 15 17 13 10 9 18 25 23 21
6 4 19 5 20 24 15 17 13 10 2 21 9 14 25 3 18 1 23 7 11 8 12 22 16
10 9 21 25 13 3 18 1 23 7 20 6 11 8 12 22 4 19 5 16 24 14 17 2 15
12 11 8 23 18 22 4 19 5 16 24 15 17 13 10 25 2 21 9 14 3 6 1 20 7
22 24 15 17 16 25 2 21 9 14 3 18 1 23 7 12 20 6 11 8 19 5 10 13 4
7 3 18 1 23 12 20 6 11 8 22 4 19 5 16 10 24 15 17 13 25 2 21 9 14
16 22 4 19 5 10 24 15 17 13 25 2 21 9 14 7 3 18 1 23 12 20 6 11 8
14 25 2 21 9 7 3 18 1 23 12 20 6 11 8 16 22 4 19 5 10 24 15 17 13
8 12 20 6 11 16 22 4 19 5 10 24 15 17 13 14 25 2 21 9 7 3 18 1 23
13 10 24 15 17 14 25 2 21 9 7 3 18 1 23 8 12 20 6 11 16 22 4 19 5
18 1 23 7 3 6 11 8 12 20 19 5 16 22 4 15 17 13 10 24 21 9 14 25 2
4 19 5 16 22 15 17 13 10 24 21 9 14 25 2 18 1 23 7 3 6 11 8 12 20
2 21 9 14 25 18 1 23 7 3 6 11 8 12 20 4 19 5 16 22 15 17 13 10 24
20 6 11 8 12 4 19 5 16 22 15 17 13 10 24 2 21 9 14 25 18 1 23 7 3
24 15 17 13 10 2 21 9 14 25 18 1 23 7 3 20 6 11 8 12 4 19 5 16 22
23 7 3 18 1 8 12 20 6 11 16 22 4 19 5 13 10 24 15 17 14 25 2 21 9
5 16 22 4 19 13 10 24 15 17 14 25 2 21 9 23 7 3 18 1 8 12 20 6 11
9 14 25 2 21 23 7 3 18 1 8 12 20 6 11 5 16 22 4 19 13 10 24 15 17
11 8 12 20 6 5 16 22 4 19 13 10 24 15 17 9 14 25 2 21 23 7 3 18 1
17 13 10 24 15 9 14 25 2 21 23 7 3 18 1 11 8 12 20 6 5 16 22 4 19
25 23 14 9 2 11 8 12 20 6 5 16 22 4 19 17 13 10 24 15 1 21 7 3 18
19 20 6 11 8 17 13 10 24 15 9 14 25 2 21 1 23 7 3 18 22 4 16 5 12
21 17 13 10 24 1 23 7 3 18 11 8 12 20 6 19 5 16 22 4 2 15 9 14 25
3 18 1 12 7 19 5 16 22 4 17 13 10 24 15 21 9 14 25 2 20 23 11 8 6
15 5 16 22 4 21 9 14 25 2 1 23 7 3 18 6 11 8 12 20 17 13 19 24 10
