7 4 25 22 23 3 24 2 11 9 12 16 6 18 10 20 21 15 1 19 13 14 8 17 5
3 24 2 11 9 13 14 8 17 5 20 21 15 1 19 23 7 4 25 22 12 16 6 18 10
13 14 8 17 5 12 16 6 18 10 23 7 4 25 22 9 3 24 2 11 20 21 15 1 19
12 16 6 18 10 20 21 15 1 19 9 3 24 2 11 5 13 14 8 17 23 7 4 25 22
20 21 15 1 19 23 7 4 25 22 5 13 14 8 17 10 12 16 6 18 9 3 24 2 11
23 7 4 25 22 9 3 24 2 11 10 12 16 6 18 19 20 21 15 1 5 13 14 8 17
9 3 24 2 11 5 13 14 8 17 19 20 21 15 1 22 23 7 4 25 10 12 16 6 18
5 13 14 8 17 10 12 16 6 18 22 23 7 4 25 11 9 3 24 2 19 20 21 15 1
10 12 16 6 18 19 20 21 15 1 11 9 3 24 2 17 5 13 14 8 22 23 7 4 25
19 20 21 15 1 22 23 7 4 25 17 5 13 14 8 18 10 12 16 6 11 9 3 24 2
22 23 7 4 25 11 9 3 24 2 18 10 12 16 6 1 19 20 21 15 17 5 13 14 8
11 9 3 24 2 17 5 13 14 8 1 19 20 21 15 25 22 23 7 4 18 10 12 16 6
17 5 13 14 8 18 10 12 16 6 25 22 23 7 4 2 11 9 3 24 1 19 20 21 15
18 10 12 16 6 1 19 20 21 15 2 11 9 3 24 8 17 5 13 14 25 22 23 7 4
1 19 20 21 15 25 22 23 7 4 8 17 5 13 14 6 18 10 12 16 2 11 9 3 24
4 25 22 23 7 24 2 11 9 3 16 6 18 10 12 21 15 1 19 20 14 8 17 5 13
24 2 11 9 3 14 8 17 5 13 21 15 1 19 20 7 4 25 22 23 16 6 18 10 12
14 8 17 5 13 16 6 18 10 12 7 4 25 22 23 3 24 2 11 9 21 15 1 19 20
16 6 18 10 12 21 15 1 19 20 3 24 2 11 9 13 14 8 17 5 7 4 25 22 23
21 15 1 19 20 7 4 25 22 23 13 14 8 17 5 12 16 6 18 10 3 24 2 11 9
25 22 23 7 4 2 11 9 3 24 6 18 10 12 16 15 1 19 20 21 8 17 5 13 14
2 11 9 3 24 8 17 5 13 14 15 1 19 20 21 4 25 22 23 7 6 18 10 12 16
8 17 5 13 14 6 18 10 12 16 4 25 22 23 7 24 2 11 9 3 15 1 19 20 21
6 18 10 12 16 15 1 19 20 21 24 2 11 9 3 14 8 17 5 13 4 25 22 23 7
15 1 19 20 21 4 25 22 23 7 14 8 17 5 13 16 6 18 10 12 24 2 11 9 3
