14 11 13 8 2 4 3 5 9 16 10 15 12 6 7 1
12 9 15 7 14 1 13 16 6 11 4 8 2 10 5 3
5 1 4 10 15 6 7 12 14 3 2 13 8 9 16 11
16 2 3 6 10 11 8 9 12 1 5 7 4 15 13 14
7 10 14 2 12 15 11 13 3 4 1 9 16 8 6 5
11 6 16 9 5 8 1 4 15 14 13 10 3 7 12 2
15 13 8 5 6 9 16 3 11 7 12 2 14 1 4 10
1 4 12 3 7 2 14 10 8 5 16 6 15 11 9 13
4 16 10 14 9 5 15 11 2 8 7 12 13 3 1 6
8 15 7 1 3 13 2 14 4 9 6 5 10 16 11 12
2 3 6 13 1 7 12 8 16 10 15 11 5 4 14 9
9 12 5 11 16 10 4 6 1 13 14 3 7 2 8 15
3 14 1 4 11 12 6 15 13 2 8 16 9 5 10 7
13 7 11 16 8 3 5 2 10 6 9 14 1 12 15 4
6 5 9 12 13 16 10 1 7 15 3 4 11 14 2 8
10 8 2 15 4 14 9 7 5 12 11 1 6 13 3 16
