14 7 9 4 10 2 13 5 11 8 12 3 16 1 15 6
13 12 10 1 15 8 3 6 9 16 2 7 14 5 11 4
5 3 16 6 11 1 7 9 14 4 13 15 12 2 10 8
2 8 11 15 12 14 16 4 10 1 6 5 13 9 7 3
7 9 5 8 14 16 15 12 4 2 3 11 6 10 13 1
6 10 1 2 13 4 11 8 16 14 7 12 9 3 5 15
4 13 3 11 2 6 1 10 15 5 8 9 7 16 12 14
15 14 12 16 5 7 9 3 6 13 10 1 4 8 2 11
16 6 15 10 4 9 12 2 8 3 11 14 5 13 1 7
3 1 14 13 16 5 8 7 2 9 15 6 11 12 4 10
11 5 8 7 1 15 6 13 12 10 4 16 3 14 9 2
9 2 4 12 3 11 10 14 5 7 1 13 15 6 8 16
10 4 13 3 8 12 5 15 7 6 16 2 1 11 14 9
12 11 6 9 7 13 2 16 1 15 14 10 8 4 3 5
1 16 7 14 9 10 4 11 3 12 5 8 2 15 6 13
8 15 2 5 6 3 14 1 13 11 9 4 10 7 16 12
