6 3 9 13 8 4 16 1 14 12 2 5 11 10 15 7
1 11 4 14 10 3 12 7 15 13 9 8 6 16 2 5
7 10 5 16 15 2 14 9 1 3 11 6 13 4 12 8
15 8 12 2 6 13 5 11 16 10 7 4 1 3 9 14
8 5 16 11 9 14 7 4 3 6 10 1 2 15 13 12
13 1 6 12 16 10 8 15 7 2 5 14 9 11 3 4
3 15 14 7 11 1 2 12 9 4 16 13 10 5 8 6
10 9 2 4 5 6 3 13 8 15 12 11 16 7 14 1
9 2 13 10 14 7 11 6 4 5 1 3 12 8 16 15
16 4 3 6 12 8 10 5 2 9 14 15 7 1 11 13
5 12 15 8 4 16 1 3 13 11 6 7 14 2 10 9
11 14 7 1 13 9 15 2 12 16 8 10 4 6 5 3
14 16 10 5 2 12 4 8 6 1 3 9 15 13 7 11
2 6 11 3 1 15 9 16 5 7 13 12 8 14 4 10
12 7 1 15 3 11 13 14 10 8 4 2 5 9 6 16
4 13 8 9 7 5 6 10 11 14 15 16 3 12 1 2
