11 20 3 22 10 2 15 1 23 5 9 6 25 18 17 12 24 16 19 13 21 14 8 7 4
2 15 1 23 5 21 14 8 7 4 10 11 20 3 22 9 6 25 18 17 12 24 16 19 13
21 14 8 7 4 12 24 16 19 13 5 2 15 1 23 10 11 20 3 22 9 6 25 18 17
12 24 16 19 13 9 6 25 18 17 4 21 14 8 7 5 2 15 1 23 10 11 20 3 22
9 6 25 18 17 10 11 20 3 22 13 12 24 16 19 4 21 14 8 7 5 2 15 1 23
3 22 10 11 20 1 23 5 2 15 25 18 17 9 6 16 19 13 12 24 8 7 4 21 14
1 23 5 2 15 8 7 4 21 14 20 3 22 10 11 25 18 17 9 6 16 19 13 12 24
8 7 4 21 14 16 19 13 12 24 15 1 23 5 2 20 3 22 10 11 25 18 17 9 6
16 19 13 12 24 25 18 17 9 6 14 8 7 4 21 15 1 23 5 2 20 3 22 10 11
25 18 17 9 6 20 3 22 10 11 24 16 19 13 12 14 8 7 4 21 15 1 23 5 2
20 3 22 10 11 15 1 23 5 2 6 25 18 17 9 24 16 19 13 12 14 8 7 4 21
15 1 23 5 2 14 8 7 4 21 11 20 3 22 10 6 25 18 17 9 24 16 19 13 12
14 8 7 4 21 24 16 19 13 12 2 15 1 23 5 11 20 3 22 10 6 25 18 17 9
24 16 19 13 12 6 25 18 17 9 21 14 8 7 4 2 15 1 23 5 11 20 3 22 10
6 25 18 17 9 11 20 3 22 10 12 24 16 19 13 21 14 8 7 4 2 15 1 23 5
10 11 20 3 22 5 2 15 1 23 17 9 6 25 18 13 12 24 16 19 4 21 14 8 7
5 2 15 1 23 4 21 14 8 7 22 10 11 20 3 17 9 6 25 18 13 12 24 16 19
4 21 14 8 7 13 12 24 16 19 23 5 2 15 1 22 10 11 20 3 17 9 6 25 18
13 12 24 16 19 17 9 6 25 18 7 4 21 14 8 23 5 2 15 1 22 10 11 20 3
17 9 6 25 18 22 10 11 20 3 19 13 12 24 16 7 4 21 14 8 23 5 2 15 1
22 10 11 20 3 23 5 2 15 1 18 17 9 6 25 19 13 12 24 16 7 4 21 14 8
23 5 2 15 1 7 4 21 14 8 3 22 10 11 20 18 17 9 6 25 19 13 12 24 16
7 4 21 14 8 19 13 12 24 16 1 23 5 2 15 3 22 10 11 20 18 17 9 6 25
19 13 12 24 16 18 17 9 6 25 8 7 4 21 14 1 23 5 2 15 3 22 10 11 20
18 17 9 6 25 3 22 10 11 20 16 19 13 12 24 8 7 4 21 14 1 23 5 2 15
