2 16 10 7 13 14 11 1 8 9 12 15 3 5 4 6
9 4 15 5 2 3 8 6 1 14 10 16 12 11 13 7
12 3 8 6 4 10 16 5 11 7 13 2 9 15 14 1
14 1 13 11 9 12 7 15 3 6 4 5 10 16 8 2
7 13 5 9 8 11 3 10 6 16 2 1 4 12 15 14
11 12 16 14 6 5 1 2 4 10 15 7 8 13 9 3
4 2 6 15 14 7 13 12 9 11 3 8 1 10 16 5
8 10 1 3 16 9 15 4 5 12 14 13 7 6 2 11
15 6 14 13 7 1 5 3 12 8 11 9 2 4 10 16
5 11 7 4 10 8 9 16 14 2 1 6 15 3 12 13
3 9 2 16 12 4 6 14 15 13 5 10 11 1 7 8
1 8 12 10 11 15 2 13 7 4 16 3 5 14 6 9
6 14 3 8 15 2 10 11 13 1 9 12 16 7 5 4
16 7 4 1 5 13 12 8 2 15 6 11 14 9 3 10
13 5 9 12 1 16 4 7 10 3 8 14 6 2 11 15
10 15 11 2 3 6 14 9 16 5 7 4 13 8 1 12
