18 10 6 8 25 1 7 15 17 24 2 13 14 11 16 5 21 22 9 12 20 3 4 19 23
20 3 4 19 23 16 2 13 14 11 18 10 6 8 25 1 7 15 17 24 5 21 22 9 12
5 21 22 9 12 25 18 10 6 8 20 3 4 19 23 11 2 13 14 16 1 7 15 17 24
1 7 15 17 24 23 20 3 4 19 5 21 22 9 12 25 18 10 6 8 16 2 13 14 11
16 2 13 14 11 12 5 21 22 9 1 7 15 17 24 23 20 3 4 19 25 18 10 6 8
6 8 25 18 10 15 17 24 1 7 14 11 16 2 13 22 9 12 5 21 4 19 23 20 3
4 19 23 20 3 13 14 11 16 2 6 8 25 18 10 15 17 24 1 7 12 9 21 5 22
22 9 12 5 21 10 6 8 25 18 4 19 23 20 3 13 14 2 16 11 15 17 24 1 7
7 17 24 1 15 3 4 19 23 20 22 9 12 5 21 10 6 8 25 18 13 14 11 16 2
13 14 11 16 2 21 22 9 12 5 15 17 24 1 7 3 4 19 23 20 10 6 8 25 18
8 25 18 10 6 17 24 1 7 15 11 16 2 13 14 9 12 5 21 22 19 23 20 3 4
19 23 20 3 4 14 11 16 2 13 8 25 18 10 6 17 24 1 7 15 22 12 5 21 9
9 12 5 21 22 6 8 25 18 10 19 23 20 3 4 14 11 16 2 13 17 24 1 7 15
15 24 17 7 1 4 19 23 20 3 9 12 5 21 22 6 8 25 18 10 14 11 16 2 13
14 11 16 2 13 22 9 12 5 21 17 24 1 7 15 4 19 23 20 3 6 8 25 18 10
10 6 8 25 18 7 15 17 24 1 13 14 11 16 2 21 22 9 12 5 3 4 19 23 20
3 4 19 23 20 2 13 14 11 16 10 6 8 25 18 7 15 17 24 1 21 22 9 12 5
21 22 9 12 5 18 10 6 8 25 3 4 19 23 20 16 13 14 11 2 7 15 17 24 1
17 15 1 24 7 20 3 4 19 23 21 22 9 12 5 18 10 6 8 25 2 13 14 11 16
2 13 14 11 16 5 21 22 9 12 7 15 17 24 1 20 3 4 19 23 18 10 6 8 25
25 18 10 6 8 24 1 7 15 17 16 2 13 14 11 12 5 21 22 9 23 20 3 4 19
23 20 3 4 19 11 16 2 13 14 25 18 10 6 8 24 1 7 15 17 9 5 12 22 21
12 5 21 22 9 8 25 18 10 6 23 20 3 4 19 2 16 11 13 14 24 1 7 15 17
24 1 7 15 17 19 23 20 3 4 12 5 21 22 9 8 25 18 10 6 11 16 2 13 14
11 16 2 13 14 9 12 5 21 22 24 1 7 15 17 19 23 20 3 4 8 25 18 10 6
