9 8 21 18 4 2 23 24 7 13 20 3 1 5 25 11 6 10 15 12 14 16 17 19 22
22 14 16 17 19 9 8 21 18 4 2 23 24 7 13 20 3 1 5 25 11 6 10 15 12
12 11 6 10 15 22 14 16 17 19 9 8 21 18 4 2 23 24 7 13 20 3 1 5 25
25 20 3 1 5 12 11 6 10 15 22 14 16 17 19 9 8 21 18 4 2 23 24 7 13
13 2 23 24 7 25 20 3 1 5 12 11 6 10 15 22 14 16 17 19 9 8 21 18 4
4 9 8 21 18 13 2 23 24 7 25 20 3 1 5 12 11 6 10 15 22 14 16 17 19
19 22 14 16 17 4 9 8 21 18 13 2 23 24 7 25 20 3 1 5 12 11 6 10 15
15 12 11 6 10 19 22 14 16 17 4 9 8 21 18 13 2 23 24 7 25 20 3 1 5
5 25 20 3 1 15 12 11 6 10 19 22 14 16 17 4 9 8 21 18 13 2 23 24 7
7 13 2 23 24 5 25 20 3 1 15 12 11 6 10 19 22 14 16 17 4 9 8 21 18
18 4 9 8 21 7 13 2 23 24 5 25 20 3 1 15 12 11 6 10 19 22 14 16 17
17 19 22 14 16 18 4 9 8 21 7 13 2 23 24 5 25 20 3 1 15 12 11 6 10
10 15 12 11 6 17 19 22 14 16 18 4 9 8 21 7 13 2 23 24 5 25 20 3 1
1 5 25 20 3 10 15 12 11 6 17 19 22 14 16 18 4 9 8 21 7 13 2 23 24
24 7 13 2 23 1 5 25 20 3 10 15 12 11 6 17 19 22 14 16 18 4 9 8 21
21 18 4 9 8 24 7 13 2 23 1 5 25 20 3 10 15 12 11 6 17 19 22 14 16
16 17 19 22 14 21 18 4 9 8 24 7 13 2 23 1 5 25 20 3 10 15 12 11 6
6 10 15 12 11 16 17 19 22 14 21 18 4 9 8 24 7 13 2 23 1 5 25 20 3
3 1 5 25 20 6 10 15 12 11 16 17 19 22 14 21 18 4 9 8 24 7 13 2 23
23 24 7 13 2 3 1 5 25 20 6 10 15 12 11 16 17 19 22 14 21 18 4 9 8
8 21 18 4 9 23 24 7 13 2 3 1 5 25 20 6 10 15 12 11 16 17 19 22 14
14 16 17 19 22 8 21 18 4 9 23 24 7 13 2 3 1 5 25 20 6 10 15 12 11
11 6 10 15 12 14 16 17 19 22 8 21 18 4 9 23 24 7 13 2 3 1 5 25 20
20 3 1 5 25 11 6 10 15 12 14 16 17 19 22 8 21 18 4 9 23 24 7 13 2
2 23 24 7 13 20 3 1 5 25 11 6 10 15 12 14 16 17 19 22 8 21 18 4 9
