9 16 7 6 2 11 8 14 5 10 13 4 3 12 1 15
2 5 3 4 12 13 15 10 1 7 9 14 6 16 8 11
13 8 11 10 1 5 3 4 12 15 16 6 7 14 9 2
12 1 14 15 16 6 9 7 8 11 3 2 5 4 13 10
3 7 5 8 14 9 10 12 13 1 15 16 4 11 2 6
4 10 6 2 7 1 11 16 3 9 12 5 13 8 15 14
16 14 9 1 13 2 4 15 6 8 11 10 12 7 5 3
11 12 15 13 3 8 6 5 14 4 2 7 10 1 16 9
14 6 10 5 15 4 16 9 2 13 8 11 1 3 7 12
8 3 12 11 10 7 14 13 15 5 1 9 16 2 6 4
1 13 4 16 5 12 2 11 7 6 14 3 15 9 10 8
7 15 2 9 6 3 1 8 10 16 4 12 14 13 11 5
15 2 8 7 4 16 5 3 11 14 10 13 9 6 12 1
10 9 1 3 11 14 7 6 16 12 5 8 2 15 4 13
6 11 13 14 9 10 12 1 4 2 7 15 8 5 3 16
5 4 16 12 8 15 13 2 9 3 6 1 11 10 14 7
